AV1: [0.4014643821787077, 0.3414627294868756, 0.122956848607913, 0.42968237229479045, 0.2204325983944254, 0.13576707636472868, 0.041325812601620535, 0.0028590082538180917, 0.19260879062991282, 0.08076737690402033]
AV2: [0.23162479917252457, 0.6221856590306942, 0.743845587413067, 0.2851588138526048, 0.3897837008027873, 0.7284658472705426, 0.9173483747967589, 0.9927459597981134, 0.4036956046850436, 0.8384652461919593]
AV3: [0.3669108186487677, 0.036351611482430164, 0.13319756397901986, 0.2851588138526048, 0.3897837008027873, 0.13576707636472868, 0.041325812601620535, 0.004395031948068495, 0.4036956046850436, 0.08076737690402033]
